0.0
0.0
0.0
0.0
0.0
0.0
0.0
0.0
0.0
0.0
0.0
0.0
0.0
0.0
0.0
0.0
0.0
0.0
0.0
0.0
0.0
0.0
0.0
0.0
0.0
0.0
0.0
0.0
0.0
0.0
0.0
0.0
0.0
0.0
0.0
0.0
0.0
0.0
0.0
0.0
0.0
0.0
0.0
0.0
0.0
0.0
0.0
0.0
0.0
0.0
0.0
0.0
0.0
0.0
0.0
0.0
0.0
0.0
0.0
0.0
0.0
0.0
0.0
0.0
0.0
0.0
0.0
0.0
0.0
0.0
0.0
0.0
0.0
0.0
0.0
0.0
0.0
0.0
0.0
0.0
0.0
0.0
0.0
0.0
0.0
0.0
0.0
0.0
0.0
0.0
0.0
0.0
0.0
0.0
0.0
0.0
0.0
0.0
0.0
0.0
0.0
0.0
0.0
0.0
0.0
0.0
0.0
0.0
0.0
0.0
0.0
0.0
0.0
0.0
0.0
0.0
0.0
0.0
0.0
0.0
0.0
0.0
0.0
0.0
0.0
0.0
0.0
0.0
0.0
0.0
0.0
0.0
0.0
0.0
0.0
0.0
0.0
0.0
0.0
0.0
0.0
0.0
0.0
0.0
0.0
0.0
0.0
0.0
0.0
0.0
0.0
0.0
0.0
0.0
0.0
0.0
0.0
0.0
0.0
0.0
0.0
0.0
0.0
0.0
0.0
0.0
0.0
0.0
0.0
0.0
0.0
0.0
0.0
0.0
0.0
0.0
0.0
0.0
0.0
0.0
0.0
0.0
0.0
0.0
0.0
0.0
0.0
0.0
0.0
0.0
0.0
0.0
0.0
0.0
0.0
0.0
0.0
0.0
0.0
0.0
0.0
0.0
0.0
0.0
0.0
0.0
0.0
0.0
0.0
0.0
0.0
0.0
0.0
0.0
0.0
0.0
0.0
0.0
0.0
0.0
0.0
0.0
0.0
0.0
0.0
0.0
0.0
0.0
0.0
0.0
0.0
0.0
0.0
0.0
0.0
0.0
0.0
0.0
0.0
0.0
0.0
0.0
0.0
0.0
0.0
0.0
0.0
0.0
264.6950297788736
88.63360515781596
266.99328305711356
89.29549130886483
539.7518047861176
90.42649738062596
272.82262645458786
91.32069502851937
183.23554430354056
276.35377665535134
92.4140147063008
185.7813601419498
280.88278583881265
188.02458007700398
94.17569578395342
94.52864382620191
94.67124442970317
94.99319634049152
95.00142958694641
95.01193110991244
95.2530929524064
190.92721876523
191.69286869208236
289.09253185745683
193.37540337564587
291.6001203540918
97.45082858368369
195.70594874467497
97.89113069368159
196.42816317494544
98.60275886837007
197.6335046234435
99.07333109814499
99.12742268703914
99.24324317857918
99.49066195776231
99.83824576934057
100.00881822394058
100.10061923599096
604.3332111648742
406.2256381649413
102.00743349585537
204.6648102023628
205.40409022925996
413.31988259135505
103.79660266358405
207.90210752617895
313.42777033475613
209.28583308082125
315.6774680476901
211.77314419068534
105.99350781643625
212.3833414563651
106.37663443665224
533.9093323846173
322.9237023141104
108.21099918064283
108.25507817178914
436.2746685566417
109.539772826427
219.73350247657436
110.10153405752135
220.6285865054906
110.41694530748464
110.49698989213357
110.60108761711672
555.9119977142873
223.6254015066479
336.0873498564415
224.77517330607589
112.55114345299808
225.22089114742994
112.60019134977847
226.21708450959522
113.37655007229841
113.74673899742629
113.74567409572046
113.7562072174278
113.76208476283682
228.04910848999498
459.62068695865855
115.32418383805816
115.67594000169993
115.91228172591218
582.009569654836
234.28885239268857
353.43431013301233
118.2509082544093
237.07627978796518
238.03230021972195
238.66849635248946
359.97024295172014
240.76600098617564
605.3985201498581
121.61375920483624
121.65783326537712
121.79568195732645
244.02671060560533
244.818299480532
122.76255330638014
245.65274846520333
246.55408157079364
123.4864859667905
495.11578191083026
124.02114031785459
124.17907847735842
373.56241900497116
250.50241703072606
251.50086530755652
378.84422226740935
380.4914566809566
382.09966082905885
127.71981870334275
511.6975239841304
128.1195817134103
385.3396968674533
257.8037768786562
129.27390130280037
129.51098212641955
259.7555573010686
652.5340247074928
525.9314367576044
264.2052135480917
132.48451957615907
265.42646247398807
132.77868655744896
266.2604816641906
133.2702635509413
400.5261324703679
942.8213508132903
135.44724444505118
271.3342554186638
136.16051207375858
409.7575038326322
136.7351950085722
687.312320267316
137.85899271993185
138.00270173881654
276.39103679416075
138.55390335463744
416.7822886392496
139.1311013012346
278.78298818730764
139.773417065564
279.8664808251269
140.1311464707469
140.48006765783066
140.5262094116042
140.6137529247717
140.63105009961146
140.64400892434787
706.9390379376273
568.9754240862749
142.77699183236837
142.92574144573882
143.28205969926057
286.9969254061798
287.42901464866736
144.10682115281816
288.77168508194154
144.8708979981311
290.07921271746454
728.9817486712636
585.6437337490715
146.61308267549612
441.28779013636813
147.4499192227231
147.41914568896755
147.73762280434312
296.0336954267623
445.2055744667523
148.9155020759281
148.9288360545106
148.98001076354558
149.10783058059314
298.5093143364793
299.22017152654007
150.0301946119289
150.15091265067895
451.6325904591504
150.77270654919266
150.9437290778951
1059.363341063101
151.91457973491197
151.92001599114883
152.0283560986063
152.19633363865432
152.51697228715057
305.5241801534212
459.74235253213556
307.77907649756526
153.97299177861714
308.6572426175626
465.1802159623403
311.70022758054256
156.0468885584196
156.1094175631515
156.3236239333928
470.31324302961
157.28782946055435
472.4919921514811
632.1516545274426
317.23683312671346
158.7744106441678
158.81627880628366
159.05743098346284
318.68130663634656
159.44163147627114
639.3145819799465
482.0577848535686
321.7953539577138
160.8911587906332
646.3498041641069
978.0975063750957
821.7255541623235
495.44719499918574
497.27676889298164
166.15255536943005
166.25870150187257
332.9081248005241
668.0349761756879
672.1547435739121
168.69804943916824
337.9044281704337
169.08199882189365
169.0811120194703
169.32422711144318
169.44927040146285
169.80927535168303
340.2945871880802
170.4876297590381
341.63285078752233
171.20166146967676
171.3134404495795
171.48611786759284
515.971340208067
864.21124251336
1742.068407634375
175.19701061560045
526.3423719014754
175.56454256334837
175.56089153472567
175.6319276124632
351.6672946939361
352.7268439405161