0.14776475904139375
0.07547172175496542
0.3361213163083363
0.18189722243005235
0.028445142832893566
0.14716477762364377
0.012453625463948015
0.1122286948353377
0.18854332109175687
0.21648011590211524
0.03741180944454925
0.16710764779003284
0.14979965490940117
0.3527250357833367
0.02250575177203018
0.14990930464853136
0.0647490389760037
0.09381354985211487
0.6182120034220873
0.12958094320242708
0.03604604229802533
0.1368878277506127
0.05025614352022956
0.031279250139988335
0.21565851079205345
0.2626429172743343
0.007756232596321411
0.01993176713990863
0.6941337736850812
0.029474003807195004
0.006395963503251778
0.40028038244784625
0.12847643888174787
0.4290399808445784
0.18408450869631565
0.493872152642993
0.5226886190002773
0.24886146221867023
0.2417360521792773
0.12474650259906639
0.03796551381987001
0.25201175771826456
0.22267695046504343
0.12582714460474165
0.003987418873876436
0.38228573831737833
0.19271054387273523
0.08929597382402221
0.19124146239575168
0.24154498783723
0.10316244489196436
0.1514485497354059
0.033088037970912865
0.3979076981404006
0.510370986987752
0.061411236578678086
0.2496715939326748
0.0791361243940969
0.12493202423694072
0.2076288998838436
0.18193564303955156
0.10014763756377931
0.019182992332744675
0.060881049212184735
0.09482793780564691
0.35385166353540853
0.05423809201481333
0.1454900370127632
0.624076472125239
0.06876808943209767
0.23083629705662645
0.037620082785153386
0.030166181579474483
0.015515949602047385
0.006698649483425356
0.7749335380067208
0.012541304531040964
0.01941817281932856
0.010303240926447188
0.024239499421014443
0.0035721891406836903
0.3119365596570418
0.017543877420777676
0.10293929030679294
0.1325932793095319
1.0746074689079563
0.06654789369457603
0.09572323463711996
0.04325362244446751
0.9620739023610128
0.029390759051622695
0.4217777710431818
0.15056448939371592
0.0932601788216374
0.062286348401144664
0.01663288694001608
0.21957129989959867
0.5545639406996372
0.20630842559488372
0.31795925569495864
0.2794474951287924
0.11954532902488779
0.8639070038466343
0.0783488492357094
0.4108153630147626
0.008297991802919569
0.40763117884290523
0.16571976150872558
0.01829583227666376
0.5710711633309273
0.0641660084627631
0.8946659072513228
0.3306324323741876
0.264169135794333
0.7439808246903397
0.028548302541167914
0.907336268600659
0.005532088572039129
0.5590472855036666
0.5511541935008211
0.6594970424557118
0.6018512027741991
0.136049332071849
0.3184864414120341
0.09672335081708638
0.2816833581213558
0.054163197777583605
0.11341547269290686
0.5322541868802517
0.9347993790198501
0.17264346313776002
0.08549872004468284
0.10113911014514088
0.3247985842762944
0.24121093910122227
0.015406318812708264
0.12585536007603082
0.22365264950283859
0.060783764001627105
0.7456441749098417
0.17486691455974324
0.10434825833645789
0.011173109943797499
0.026567796863275817
0.02980595348955717
0.02923800458781045
0.06482640464038525
0.021576319001241018
0.010081665728080225
0.02385500567432075
0.03153561503151536
0.01679739002452152
0.0031434138606982742
0.011446059662432617
1.0776904877457412
0.011102214978521374
0.07505763559694856
0.0233876086563356
0.7424979031932963
0.007242654098462253
1.2094694271038549
0.08081060942176066
0.05050036853805295
0.17712747522550387
0.024060841773646757
0.763838286575421
0.031010286821214095
0.037213573567768776
0.03899710663247902
0.6800620526561261
0.09498987731313946
0.567264222001711
0.47051039569022635
0.15569597736653407
0.057151065435803616
0.16363394700177025
0.06593827919668627
0.07472677998671884
0.15349875451674677
0.45170211270945515
0.4161749111495965
0.13753478089194004
0.13746412856885115
0.15138536329862973
0.15610763589410226
0.37321983575671425
0.32809889316163776
0.7115749906649
0.2887070879958742
0.10741480932442471
0.36312408844884203
0.3190040064875319
0.2012285193155492
0.0982665103332323
0.1424819772033743
0.2511422893295645
0.5171585571983854
0.3881618104235969
0.13947432124666648
0.09284667484638476
0.04085235165676693
0.09814490272356124
0.01935711735170287
0.16289774516646105
0.6579686080192033
0.17090007533838047
0.188697917492604
0.05656351065836418
0.112637954712838
0.03594960421779092
0.020590058727009364
0.10298517973451737
0.05140668718649977
0.00782571694537637
0.02666293297767197
0.010409473595487384
8.058674774531482E-4
0.015141276925547231
0.008925777995145268
0.3019509445544628
0.4628409739278396
0.12321053511227831
0.13838391716873844
0.02561521946142875
0.08667782519717093
0.09294968636096712
0.24101453082252533
9.8244309864981E-4
0.012958826100586407
0.016037800894068255
0.12391657869767414
0.03907589274764689
0.15598585406297616
0.18120684602106962
0.03386415325184089
0.09430078894001781
0.38627439752531245
0.2267380870025164
0.49163666929894134
0.36397031957699255
0.06783187811437585
0.06878347106894012
0.039806906658498065
0.6808010162927332
0.022133526293970363
0.13124801790742424
0.10772406558407965
0.3883930894967733
0.20025931007496922
0.09050287596600981
0.05846957583358403
0.09583484623676952
0.2209371034175831
0.11242503524624681
0.05886643513123602
0.5575887941974997
0.21266855996043432
0.049790348456539846
0.04473395478754583
0.13900179700424076
0.3555854160363623
0.10828085047205604
0.007518492243193009
0.07221437224166039
0.06482419983449006
0.21557106402133286
0.871255548273453
0.0024669789135600695
0.12109836913442962
0.2646044065943016
0.3044856186653533
0.038334825991782395
0.014471653790096184
0.24397308235936066
0.1191528160903772
0.17591681597149034
0.08405898151336544
0.18782587571855913
0.6285891642775994
0.08917487877648966
0.5125910053441771
0.644931437513435
0.22153475644390141
0.5784453428829721
0.11790304023428178
0.09685331493201943
0.19528830325052127
0.02732452720834999
0.3557012196142324
0.803231441523252
0.22249968192517144
0.020406863225858274
0.14237267845010138
0.38770962535170383
0.006053756498701546
0.7179041944698668
0.35225023702021474
0.04781265418621672
0.03639908657299884
0.033096089428951814
0.05491703236333478
0.11834704821593789
0.04945246365102207
0.016046404428635697
0.033548768519025884
0.6091405777147401
0.10862654737087496
0.014772474938297364
0.010989593638271344
0.14543910078171507
0.018695055491733115
0.003732083090383753
0.48073391555330147
0.044193221131109794
0.04213544015095749
0.06354222825679301
0.0421779990369231
0.038403586193211936
0.060537312009643074
2.874257090041965E-4
0.09451791958288425
0.957052379546866
0.023779324399697543
0.011693071137742095
0.013780601339661303
1.1087040075501733
0.03879841858444877
0.10608282973009864
0.7207359927336654
0.21760193435234498
0.8892602432154888
0.8122640731372144
0.07788734639886741
0.3204440865649332
0.060174273674775236
0.08488974136295724
0.4258083221072866
0.9297512515618109
0.2731496975863479
0.06078182345746086
0.7189983344305517
0.046743918962860675
0.06883784811893179
0.023906534538767232
0.46201454109085205
0.10251462176044868
0.13690685636613864
0.029899818913122544
0.1556961015364351
0.013192120666602136
0.6179048323923126
1.376870045345413
0.00808389993223102
2.420477492266656
0.21356854152220706
0.07007969639124667
0.1685918239241886
1.0631676389709384
1.119840309156487
0.05288728077151461
0.19135861060564707
0.039802781576284474
0.06663725191069148
0.03336400551522445
0.1294094662761438
0.22416991856222523
2.5724751958870655
1.9501645653915034
0.03841501367706712
0.2180292765125671
0.20331495402862743
0.6171993025493094
0.13299153186264334
0.8262950525135864
0.05159441357642436
0.2748267910594109
0.03731987950180837
0.08588059415518501
0.04523655801177995
0.17723735993295975
0.1110479534726494
0.044613035071392915
0.05360629892125246
0.041180994461782916
0.07822606273856536
0.030409041157227534
1.8395554353950416
0.666223943357025
0.005625713417657607
0.09142803757870865
1.1996949820859157
0.05083417830482517
0.21025491742382485
0.08863017988598187
0.07758831328364124
0.25550884928757966
0.06632092325916972
0.06311382672130605
0.18786102404202154
0.054322203744007425
0.19300689204442278
0.08220006765833432
0.10734269065459046
0.08799740639847187
0.01983716042113315
0.01776993152505213
0.008531290451514906
0.009091828402375768
0.0570121304452158
1.9783071850710314
0.01928426452424503
3.2153899601201488
0.7147441110501092
0.09205377118504998
0.02657671703423148
1.6150612931546107
0.5602282881098972
0.041775045422980384
1.79621562173989
0.0066738255015934556
1.085757034647827
0.010735483566406856
0.22640510925981516
0.056443339701218065
1.5004531693297878
0.1341850517010812
0.14112885331981317
0.8947267279553444
0.12478780141205448
0.150309045053163
0.14397109197197722
0.12612210608193664
1.349042964232524
1.3533868505654425
0.09066832517301293
0.08493869539692867
0.06395525339856079
0.08250866311659877
0.0857376707941171
0.7152471491563688
0.0666911353127091
0.1333774078859591
0.05005678370984867
0.5863093833393975
0.9985956081520015
1.3441181339953374
0.1869007090327841
0.19367762392808174
0.06299890437774991
0.06265790682600425
0.04177278905544313
0.027804688977397518
0.9241773012996077
0.7205858325641543
0.04905271997755278
1.9148424941063098
0.8363306381295672
1.5147943617346726
0.061703056067699436
0.05247640063916492
0.7019929281670301
0.04253379137576019
1.738682186836101
0.135661084873675
1.1711151656059826
0.15892547724182293
0.1551629010122184
0.3743574850223297
0.28073595775464355
0.16779966986703698
0.1453896298106656
0.7885672378229174
0.018737823052163094
0.5256177937251323
0.11011830025421432
0.4598474077420178
0.553649565123095
0.09440997259170558
0.12028660527397506
0.8469879356634067
0.12516758496624902
0.07566672994261125
0.10453973321412491
0.3398836299855361
0.3344371242563966
0.05503465744439495
0.06463043168656668
0.5944730354860326
0.696029180240032
0.16203782490941876
0.3963780634593945
0.22423458584154332
0.04041299155792899
0.01152581532971908
0.0025619916202970217
0.007101010438702815
0.07126847422387073
0.028933533099177566
0.007840207844310498
0.1320947609953862
0.06325262552056188
0.10684067558125321
0.002393085106490389
0.011851680188897262
1.3731524827462636
0.037289837018192884
1.4645450429726452
0.04949271770863106
0.14559348178295295
0.031691787520344405
0.1841751315392628
0.3882484613200461
0.746857380472477
0.6662028694475737
0.0802704802941605
0.655292452021115
0.3314517109155304
0.056447115980574836
0.5737856140918325
0.22178403826637805
0.16867195422770465
0.31593233323766867
0.44512090945977434
0.9826582007728462
0.1666840326013812
0.7766822546886658
0.3064408087197421
0.04757227316144963
0.3170688415367522
0.16293522507046987
0.4031797110557136
0.21078645898907666
1.362252331987463
0.8062284439502605
0.6485963802471701
0.40190572259291457
0.10040541417521354
0.04768879748780819
0.3208008983396837
0.3729025470535987
0.2736646981412605
0.18323780202536
0.008864139517584135
0.3083303616434705
0.5535493031684382
0.36717843869081435
0.12407014748873735
0.03402539518407366
0.4305472599605764
0.5677608625815083
0.34767505399906895
0.37436411657230906
1.0992727390310222
0.1181525756150279
0.12344488761590355
0.03352529095721479
0.0809587649487753
0.00445283818831399
0.355857717435498
0.23707232187354066
0.08811396353365808
0.18591978901781658
0.26695283257902247
0.09668344183944555
0.10015024153963736
0.061017642818939066
0.08261743358940521
0.15220937325528894
0.10932498425512449
0.19947881705070358
0.3774022335728944
0.15107908156053895
0.12477482743793189
0.08944833688798326
0.056758999394219245
0.015735117713973068
0.18010056106376737
0.0011093425408148505
0.2000127184490168
9.583335857996644E-4
0.17590714211419822
0.09257052298613644
0.08688762541984829
0.025645727693699882
0.0876116180438089
0.029635422535989164
0.009608982079356565
0.08118888223023646
0.16471409815127913
0.039636043372780705
0.29121020357891325
0.013971456054207465
0.3046994317528231
0.08203973133112186
0.03772445560105098
0.2916794836269787
0.24727907955650608
0.023206396711543675
0.21055121924803188
0.32800259137130183
0.4731706981327477
0.5022263459781584
0.05586657027089359
0.2235147181135062
0.31741736802825926
0.3812188035058739
0.2612293197244071
0.4062654809692958
0.10844966910718767
0.04987388552126504
0.1399461361841361
0.1568024708515452
0.06524393831057296
0.4716935891271987
0.039120736471659256
0.039291802053185165
0.03241844548284689
0.04361236789088707
0.1488407757223058
0.048559398242360885
0.16678430202142636
0.044166442384465654
0.0478021496465999
0.061137745003804866
0.038895653052748
0.3510244255210182
0.1208151883129176
0.09087076252370707
0.8593619363213065
0.07013474524381991
0.06555914539910646
0.2024991892741923
0.2832001505438484
0.0012746855352645525
0.005817826650201141
0.3501485024538624
0.009796462785601534
0.3583009036037197
0.36185384936655396
0.23273050366898929
0.3558505208027043
0.36283988724659366
0.0581129260428952
0.08280110260324136
0.10587714478003818
0.32496701511530546
0.08116171654722848
0.1585311677780794
0.203352331687654
0.10704209086284777
0.08667521612690621
0.3122737420045212
0.24192587600916227
0.12746248100384605
0.3469339144746755
0.10386428149072913
0.7583996060526204
0.2865651639980342
0.19622765289403787
0.06733973589854259
0.08762258709293747
0.19283431166448395
0.05069195676759364
0.19723338484294572
0.072516447023105
0.20567219440249573
0.0545590071043307
0.01813055553523668
0.07664131769794835
0.03419660707632488
0.08281033817934258
0.1057139066230377
0.025742065611666476
0.03460392401370882
0.12872190384831583
0.00596066305831755
0.0073170620728717495
0.00105323029836768
1.51781354917415
0.04250453986884395
0.11176749264052432
0.1000778240852469
0.07550468724610937
0.027824748409187805
0.3000360446188495
0.004261212686259341
0.22959977753421867
0.015526847462524529
0.01045412171694693
0.013459280862292644
0.01074659130620148
0.013247358191819103
0.09240863071175909
0.27502362748847986
0.06103638157577507
0.009715138638625831
0.11754033813932097
0.06602254521672535
0.026935070764068314
0.01036842604403887
0.12311385998489754
0.42451983685504047
0.018176319968404187
0.014642229647961358
0.018837406353213737
0.02265129946641764
0.02208737222417767
0.05600492481596575
0.5474140871339728
0.007593847424743672
0.010855849875554213
0.002790041101945917
0.15925614570113567
0.0069489177538457625
0.006324469792218679
0.6781517660501208
0.041856168512282466
0.06391525222258565
0.09280513095626475
0.16596981754310036
0.18335299601963584
0.009517532003371798
0.21473535427944057
4.7386668899207507E-4
0.01951745835475549
6.876825783308504E-4
0.013271811910300357
0.06517473882999525
0.0358596529286217
0.007273146718546286
1.1275953630199638
0.010062209751140472
0.24065789862672204
0.1752302913025119
0.004706162016930193
0.2493867988716545
0.017096424675742128
0.1383199623718383
0.2981946068843513
0.11886418789038089
0.00788924404264435
0.19149395464472718
0.008229086507981265
0.0014739448472482763
0.3006823143167594
0.026780018767851743
3.536666721402071E-4
0.2020652884744436
0.15198125487165726
0.017782700474640478
0.23237624029178505
0.05728756580930394
0.22516388778637975
0.818977366913316
0.013403597178296422
1.0267325117026758
0.019623150256450117
0.017484443711026643
0.03046724928279332
0.9543948521389325
0.6253963998843801
0.38792633324896997
0.12990931679860296
0.44830908711202255
0.1132293096480339
0.2484617723935969
0.0069781953409631114
0.24393734269116862
0.29113944877997255
0.027615711152037647
0.10368373202703651
0.04110263032512762
0.18507090294454542
0.030070945648333236
0.018989163872106474
0.029021998034778562
0.03213942067833386
0.030400589671984335
0.025977690982472268
0.10260334764151935
0.06611359679575912
7.319417857729604E-4
0.11482035657348888
0.012105098185770657
0.5033665126033213
0.062453019387902486
0.1159475928218967
0.02807973398358854
0.08508643691499174
0.25774266967022186
0.022155841065796267
0.010233615980894228
0.15296030733736643
0.08147684630176855
0.06952231418966903
0.132244663884876
0.019876379933208455
0.03824835354717493
0.009747386052652018
0.1194748026380239
0.050012882069893294
0.10734403409475135
0.05800614825903949
0.16508414448679787
0.14280644465577552
0.25498658627418536
0.04982874844694152
0.05662631884831626
0.2600371737256637
0.3818003656926976
0.3814903554660134
0.32033374505633105
0.1629155152305941
0.20989553851561027
0.15577414355317387
0.28054675660979456
0.18580707345938663
0.04073588943208506
0.14392942905874406
0.28781676119893973
0.07376316513958159
0.31553574311473653
0.05326939536081454
0.54729703371666
0.48272763878128444
0.19486406377018284
0.10156412928733971
0.17547623903053022
0.1161345643335494
0.1046472772575271
0.3563350816310731
0.11528329815070038
0.11448689811942359
3.1077358570996694E-4
0.19284235969988117
0.3725124037015064
0.015211301810467148
0.07766950695099695
0.6892082540630327
0.03631156255175938
0.005838080506180177
0.011115452278346538
0.08952409443074316
0.0363349388566121
0.07705222566340808
0.006674090982443204
0.4791159761799406
0.03963098220657457
0.023609527316864387
0.5146799367506105
0.07094979165219684
0.05926720133504659
0.05132148905613576
0.03329771304566975
0.011868416992797393
0.0019342250135139238
0.014075530936793257
0.019466872224398912
0.006384815555207979
0.819883161779245
0.05860292298513059
0.02318068895954184
0.05515578152326839
0.009538781988368328
0.023434003495850675
0.012587252114968805
0.06048161266596708
0.3841159153577678
0.3513909902731598
0.05075728369524768
0.3513661051823078
0.03292577668673857
0.1283487817936475
0.5300111806962775
0.21977061009462773
0.016640728949198547
0.23434341266747083
0.003716798049509862
0.03398174374297014
0.02083049603268705
0.0608049810122111
0.41273210344743916
1.1976960444551423
0.1539990153841302
0.255011812524117
0.20969324525214006
0.027460297210865292
0.9629055319228996
0.22501261865386368
0.09645445711154821
0.06292981830350186
0.13076710053368856
0.2085748250117092
0.005464765937631455
0.17584255685903827
0.2505076689696466
0.040640055996647106
0.1810544421497582
0.12188209346385293
0.04935135576351968
0.03675961800462346
0.6809450156924299
0.5415532145248676
0.08344502392395725
0.39896993119506874
0.06937812433116619
0.1480294553498993
0.46530052074427886
0.07606302183501157
0.9295651632140789
0.03704451899011474
0.07104561489103389
0.0739116462112861
0.025345212243621518
0.12233942019932442
0.2185043723745821
0.029845107359193435
0.04814935818089339
0.03739554150027402
0.027955727635230687
0.01860795676347493
1.0086722924036735
0.0055489217722595185
0.08063060046248438
0.010706743886714776
0.17639420032369912
0.022513760063816335
0.051081408827826635
0.09001586211221024
0.07383613953356871
0.0255184366816934
0.006463620218084998
0.006837921947862924
0.001007548541565484
0.7932980298198231
0.3102657872557302
0.5345848568044005
0.03684993383316737
0.042098423029244714
0.04366681975244546
0.05545683620937325
0.7693570958641942
0.019446117016769904
0.039570594266251646
0.0209889729728161
0.0010967897033538065
0.03505361713513366
0.4883928917033131
0.24988563221035065
0.029603133927764702
0.008740239163955721
0.018536892350709877
0.036913457590969756
0.006066147977946912
0.010121378865733277
0.6508848871010287
0.0061496539003655926
0.27048568792957894
0.10293179618787462
0.3273911638971754
0.12812115613331798
1.501187938873045
0.11195037722669099
0.099258033404368
0.23112251664386463
0.10810777342939559
0.14767887030586735
1.3957585871000902
0.02101442710130641
0.3301648288129968
0.689652441063231
0.08308405019772636
0.27632183680265143
0.23067398060226196
0.10299563361405717
0.09741598409075891
1.3163460709039612
0.298909090809957
0.33438611927886086
0.23591616818887928
0.20091678891378706
0.24031437984584159
0.6150208111469055
0.40577216808162575
0.466975559242087
0.16042862734227015
0.0763501532011901
0.1294096437005976
0.08721334950206483
0.4876268065248155
0.8035660670666402
0.3586197496998693
0.3622367621162539
0.3644671825841783
0.6264283060705225
0.19933090191918268
0.7695171525939202
0.20788752432372348
0.18183261518490212
0.30262644444727016
0.15347207448797917
0.25981938495471013
0.08453522094538357
0.2815826287778691
0.12324573691040541
0.22485818219999487
0.04625022756533781
0.10323754600662483
0.12713736290598376
0.28475123853621653
0.0059738550332610885
0.0027744140771233106
4.4420882068152423E-4
0.0011767175376462546
0.006378719817945466
0.006817821664242274
0.728725526117131
0.049538486285541694
0.01715090586947099
0.01608322144980434
0.5299836554007982
0.035763594672516774
0.005432944236900994
0.06148349833384259
0.009796087992839375
0.025369495780040552
0.03185802210063571
0.022684669345323982
0.6289636302252575
0.7966105725949433
0.014981971426067275
0.031041215082126428
0.03007392182743729
0.06529057492974744
0.008958126335187444
0.0750894132613098
0.40193115419890546
0.03170364754586785
0.32360881279399223
0.28524477746941557
0.003122499513239063
0.16541676307983266
0.10711653231149398
0.14460466124992877
0.0625637329374058
0.02340976663725769
0.11926069422591468
0.3251263376587872
0.09872107339438685
0.6272083304271519
0.08594730207141765
0.021099007746386178
0.035597738199356854
0.1707678340614791
0.010520265966647457
0.014571603586489346
0.04378308754542104
0.41010907850534295
0.08008645785412227
0.3708209393726065
0.03788137478522913
0.03511607048892529
0.03205325461004804
0.0079055945123514
0.004645225568765454
0.01851966644744607
0.028013792791057313
0.019242070525990584
0.08099429194535901
1.0478330109135356
1.08059672680713
0.06694602289366003
0.08669241647464787
0.0750171678884044
0.00432365240428112
0.15181245311691782
0.8103585943223095
0.30356725057089307
0.6325328845515799
0.20291796172674026
0.383860773016778
0.24823513032126243
0.07270181992674907
0.2702612018391619
0.03721016149674483
0.021730819189798467
0.011931652535992043
0.14109159000958016
0.5063061866998169
0.0034126953038082775
0.006322460830915588
0.26998819494551185
0.7147424099462683
0.4266903890660956
0.1548017439501166
0.05422563933345259
0.4385086880143376
0.030781498594393497
0.3069722556338945
0.4665404006075846
0.0028754779557971233
0.45490465396505897
0.3524293142118893
0.1064608582062192
0.0036355323865677747
0.0063698669460166
0.3228707932439363
0.08738273136984276
0.08265558858437316
0.5855940600211227
0.027017176820663735
0.14141951619347992
0.7682402041924661
0.03359469002350579
0.08586110054989149
0.026967855670079643
0.3673284187314607
0.2403502134124551
0.28722824412756154
0.3368159713377281
0.16387463621219922
0.5886552617652114
0.3641959776428507
0.4277017546766615
0.11842215525643951
0.10932198345960842
0.234680186983951
0.33297423466831333
0.2965800802074341
0.07593308868558779
0.05398464246223966
0.047702116490427215
0.07851853979258294
0.45508911193104495
0.0012311111594272006
0.05103974472308437
0.019592237899246356
0.36092932746402084
0.18095498554947653
0.15338004185264253
0.936728060795815
0.13417388430622168
0.31960021437146224
0.06298265726951513
0.06822675228636399
0.12331048942826328
0.09018822005481297
0.11778655942794103
0.013156176042286916
0.05428776181076955
0.03029333402952261
0.11941962665798656
0.09571435335578826
0.2380479905838797
0.1945282797387904
0.21025632692561658
0.020356820163726752
0.0358646725694598
0.6526800619293454
0.2119910368369915
0.09780861836736676
0.0783741504423574
0.08288911859278869
0.16067852650274972
0.2437542044411316
0.007871575207900605
0.007364362469729713
0.13075403005893804
0.008822740305049592
0.6279546999024888
0.22454655551655378
0.16562744372220095
0.14653734546061514
0.004619953257076759
0.2237573571110829
0.2045992410165809
0.08153220553140272
0.00823792957430669
0.028098647825515854
0.014770272232624393
0.553737496533131
0.8407249061835955
0.12657619309482016
0.6337880726995309
0.018148251981415342
0.22296287749031762
0.1790728364703682
0.07512344029640872
1.9109341356966638
0.049781171236816135
0.03654086982027138
0.3064317110038246
0.05066704860360005
0.32623239564861706
0.46842634851122966
0.19833218468420455
0.08535572678471226
0.1832554295770592
0.031168399909802247
0.620604286124717
0.027304240877469965
0.7656456097397495
0.17060983766612026
1.4696747102914287
0.795568585371484
0.2927044544966293
0.1855074439662303
0.001224995902248338
0.5262612786198133
0.16768648889035376
0.6470460472621085
0.6473399281708794
0.03932883814036359
0.32879629665876564
0.5233341665705211
0.7788717655296864
0.3078695640028286
0.5580437218842462
0.6595742628984453
0.17971747401804805
0.2825301563287894
0.45999653993999345
0.04599947130259352
0.35283961750872095
0.23534378451313387
0.3449150527552547
0.2677527102450199
0.8381122632105757
2.3127175297148597
0.21811099225834596
0.31425210618641586
0.4368155263713902
0.21541795443505407
0.4451557703283129
0.03761539904502342
0.9415072054312077
1.7387183629211904
0.2747809225596711
0.37847574631553016
0.8888081749992125
0.7667613854964657
0.07314401112773794
0.865778591686535
0.3897348162122398
0.2770427317817621
0.07524709131752161
0.5989110358503353
0.9651033153098751
0.11885262367314908
0.2808557230643487
1.4841324267173377
0.035160525968706224
0.5494050543050548
0.5405184303446049
0.020346258101881176
0.7964336079522809
1.30910382765461
0.25391353256571847
0.909534488905706
0.00973161537467604
0.23968961369848785
0.7916889109016552
1.2803560358793789
1.6925132258948565
0.04440592245606467
0.4504516411906252
0.02926547817935443
0.4386881739770274
0.8261243345301637
0.2863348082642574
1.8461866255287305
0.9519347859044274
1.9967918749965747
0.0019647849305783893
1.061627906714989
0.5581336238904555
1.9747264336770627
0.9147873333205894
0.7740167812702907
0.4820756696726676
0.04751927357006025
2.45421158716249
0.6884493195731238
0.013457039234026524
3.131003090933234
0.5334119465570097
0.1813152308608892
0.7523934638342666
1.6677459873852172
0.5807869779295061
0.24949202512078728
0.7941212097685479
0.34506496582520185
1.1263450079802624
0.546872675906684
0.7843559133478948
0.25298890905207827
0.11030831815537567
0.302624384866931
0.3855421028742967
0.23033528225880673
0.5227415700463212
0.7512730014739759
0.05533983329047487
0.6284784326800832
0.033165159397412936
0.7303266355397682
0.21829198999319033
0.009745251820504564
0.8853801404288788
0.4385254920239845
0.25062912505308077
0.22639069824879243
1.5278868906037246
2.301684463336926
0.9485462875165922
0.021211445099766024
0.17973301982181056
0.39216402345880397
0.14254836387715386
0.6340062114246052
1.4250388265291463
0.192364763179512
1.1812161964601273
0.4076459227977125
0.6911599412647433
0.0064014783042694035
0.486624116215296
1.5230352003048324
0.2526929406394629
0.6570577142777552
0.03609552246768999
0.6393377927494726
1.2497279271008779
0.7930551411841975
1.0488589481618646
0.5254660624244707
0.7483254956330256
0.3503190662806901
0.43643309853530354
1.5884066347011299
1.722706510400542
0.15052604483270215
0.21953297985749032
0.25394099931503433
0.4591989765232256
1.1233657197805087
0.5393873379742331
0.08497846882306703
0.8909030262369697
0.6049295108585966
0.15494804467448375
2.0141873605533647
0.11112659307195827
0.6991400862982573
0.8362631108298615
0.2885775278964502
0.20268817688662466
0.5688730206065884
0.13323490149025474
0.1372221030388232
0.11996633729285122
0.6542794241849492
0.14438288871059513
0.5932261979129407
0.686617037823396
0.4823492802067335
0.6102676578713044
1.7451690824458979
0.48066566866691574
0.6714043364791564
0.21937199670514929
0.4592098857114024
0.2574371415087171
0.5245487105143525
1.1198103135726
1.4281695425287921
0.13079505258548352
0.6552698186935686
0.13132287860742053
0.11488536948411365
0.129788464019839
0.07047084036770457
0.32942606200214186
0.7224875645972588
0.24247254020929176
0.17932326631864726
0.3348401743809859
0.2280000881252704
2.278446317676469
0.37681578561063134
0.04335491741869646
0.20383211450848648
1.1979572914663095
0.1132166950097826
0.6798443472263216
0.5034659007769164
0.10592869460452903
0.8192466820232767
0.5005172295115017
0.0698947950398292
0.4242749386078799
0.06382656352445792
0.8890474582564138
0.21418467481015568
0.06926972457688407
0.073401394646055
0.07663110224712
0.7859992200851593
0.5606509177160888
0.04524462017417363
0.1423100792762284
0.03383112996073123
0.32598172183793395
0.009080385236416078
0.43771483570782266
0.5204445699102394
0.31347156726337744
1.298688123684201
0.42887251962895334
1.201796829766181
0.002924857493667332
0.5591785878009432
0.004563078400508402
0.007451622752171261
0.48317926972640635
0.5487514884524671
3.2291102962744844E-4
0.010748293749543336
0.013960533942508846
0.018091425664977123
1.9084455866686767
1.3749119376423096
0.49286707938767904
0.024303194422600427
0.5499529866924604
0.2634350283673257
0.15742360614729023
0.010094737705458101
2.6096359339882156
0.4083475874968485
0.510348182904238
0.7507020645928719
0.7632543566887193
1.1488303714243102
0.2805608665368027
0.5989480185823481
0.09181346069925667
0.37889580988019134
0.01967795499052727
0.12716225847833584
0.7648560223281038
0.7274199749089121
0.44261178115425537
0.37103246527789224
0.01478760656726763
0.010825116698470083
0.36842275848050576
0.8869579415729163
1.522446083985642
1.1423971848826113
0.3944241916959754
1.2875998337397618
1.690455759788847
1.1523021251182968
0.45233341963586327
0.3585869539591613
0.873012047921577
0.07366167994229045
0.18561228947220343
0.10121649713420311
0.5594442569807825
0.08057840807555294
1.4077448236180885
1.081805008912113
1.6690757413761048
0.02892956782602596
0.6787621242682462
0.29692689249770865
0.9505129439999678
0.3452776676107874
0.17885037683947758
0.1625783184833267
0.051601067851436255
0.047267653602091286
0.04128678215437276
0.0013216814695624635
1.5373622142859062
0.6168340629333215
0.6016621656976326
0.6526631850375679
0.01847153656899536
0.36878644597567245
2.2601299958775485
1.226061933890378
0.41936443053464245
0.59608639735427
2.0583324437400847
0.9493172544511026
0.3384027996029886
0.29745612963876056
0.2808991170421109
0.6083237251922355
0.7230134821490992
0.5796028120303163
0.28761470876287376
0.6105205495196628
1.5403484398606224
0.35573669708679745
0.6899663802703913
0.39141239370889025
0.09554383588522342
0.3714178468194973
1.1711953360737084
1.5406008160144324
0.3338803083061066
1.3535807758922829
0.369438030881156
0.7350761145445972
0.3243406239362798
0.9457202138107732
0.7664574168628633
0.9966558061104251
0.030768712795691044
0.6388254065906267
0.629077431376686
0.051018493056915304
0.09404655523047722
0.4794670055096617
0.9934502622639911
0.1757331238857205
1.9834071897564627
0.5523740564384525
0.03179067182406925
0.9926972701514956
2.0888713534266685
1.2690180409197183
0.6169345305492016
0.05020735202850801
0.9035480003753946
0.4037846477383482
0.0425402447285137
0.31836204065649554
0.3902578033265627
2.1643051760951266
0.6889656972087437
0.7006670472400174
1.1119235389795108
0.0010461459168027432
0.8847969827421025
0.8475966451824775
0.5931160320242839
0.028894176085032086
0.8053398384491857
1.9330533569574868
0.3232654001074593
0.24946217611613974
0.3216562956479265
0.5720092407105994
0.36135941596432986
0.32184864895828014
0.32592428474288226
0.7112619293314424
1.1857771101379626
0.4859093529421443
0.04266083506797713
0.9520174489500732
0.633351186250593
0.08022534507102819
0.29431529257232114
0.5790326413811044
0.026690039122399867
0.8058527973994387
0.8119469422576913
0.28919211735262706
0.2135862951200238
0.49533062390355553
1.2900048108122064E-4
1.1488155825467175
1.0053049246014325
0.2665668933332199
0.3304117594352647
0.28739686020691124
0.01878592175404492
0.5499648324225177
0.5296957739927848
0.5833373315478525
0.0028342471895257404
1.4090577202388204
0.1638666031158209
0.9298329981817233
0.4789135924148695
0.4846576165080023
0.41940971316046216
0.13498750262823478
0.11833825651621055
0.2684603687494018
1.4685202349727433
0.4215951042002075
0.05147122405975324
0.5373253408534424
0.32638623583642357
0.23394163797604506
0.5407639580859609
0.023867966057991907
0.9057928862313815
0.03349311310586245
1.111910753494783
0.34104113422597493
0.14619205787289502
1.4600468375292621
0.1489603141031921
0.03801049260698619
0.39903690316816665
0.74528336873027
0.016567053185667646
0.09592184359723888
0.6738396031147431
0.7460801471384002
1.290073005527347
0.598295207740307
0.18425082720375485
0.4067619626036958
0.38649352247307434
0.8939226333127408
0.015295329071477681
0.01339008669492614
0.00957850455301923
0.015577916162214933
0.7877761353699952
0.5682065169642101
0.29119606085953365
0.5761415015017519
0.2600657592005291
0.22591695378821441
0.625873342440741
0.3878207919437955
1.929111314166903
0.18262618259018382
0.039389595510328945
0.7275074276352598
0.7276084649663517
0.9814733963564777
0.2731368177114746
0.13536361794456298
2.9326269088869594E-4
0.3057931094014066
0.32818496005631914
0.2955577178825024
0.6366807483724415
0.29316087540041735
0.022994571599951996
0.7025884002240446
0.14507592372183353
0.19793060168206011
0.5314432543536896
0.24407108546699874
0.3152845870989722
0.10260435083955599
0.24068775405260112
0.0614811432450324
0.0645318718117096
0.8812622978736044
0.3822556439508844
0.375306067333554
1.1993189228954861
0.3877670454097597
0.17142259193440168
0.08612089776124776
0.017498201793046064
0.018176682859916582
0.30097996021152085
0.18047016329103371
0.017023966933379597
0.01721355524921364
0.16098684579378642
0.6274970361429268
0.009097537521029153
0.2958296991333782
1.0995712085716605
0.02032196991501678
0.04666215818929231
1.1116127783690217
0.1663723088970528
0.11784306296294744
0.18582722423252562
0.9308443568778557
0.0515741961535241
0.5161938955983487
0.44835213209250924
0.19505089049755497
0.21807793147331722
0.9668347624917715
0.3853033111529385
0.30524101931655423
0.22298421428763504
0.3616755092390349
0.680808205225162
0.09925726083497466
1.7108343269019315
0.12198501979969478
0.24605092527588113
0.5568535068401843
0.11199662817648459
0.26312911703894315
0.31059290581004007
0.1776317505971292
0.24591704090801159
0.5219034271335659
0.079288156619441
0.3144756814770062
0.8650362748810494
1.0666910145727115
0.08269927862977511
0.2043931689895544
0.6570081706822748
0.08122516053515483
0.189465005658235
0.19502788451018205
0.0914947602226448
0.06493256785495305
0.6360616243753157
0.20271265121402848
0.22451787092165887
0.8844709129140256
0.05956557154706843
0.2552753343720724
0.7609224212992558
0.44024577708955803
1.5728628993061875
0.6732138891399018
0.3187230151941094
1.5356937448520966
0.8014989616206094
0.41568382845196084
0.2481437817581309
0.27689669384483295
0.43583584749637794
0.16478450700026315
0.15532136330227786
0.145898909659536
0.48280108458925497
0.17544294855304088
8.13037779721526E-4
0.3887461135556123
0.4661243597716975
1.2259453884594222
0.6667272201298147
0.02536061044361304
0.3929076200495274
0.021675250029034032
0.26163671363622143
0.4933999062341172
0.07309161081025195
0.2927394198957245
0.76295048341035
0.55941674851897
0.2830270589640804
0.2763600676146325
0.7866875204445023
0.3402727286393201
0.5137891321080588
0.24497117416046876
1.0709094188910058
1.1520045283892841
0.034714874776682336
0.20041591618019083
0.26722312650417734
0.048638914423122515
0.05927560119437203
0.7831483096721286
0.6549983949906846
1.0436725523929908
0.08677742341262729
0.2794652831995563
0.42787694385128816
0.32167454783791527
0.4216746606465449
0.11454320584857669
1.2780418841286973
0.15095519178453287
0.22014872322574774
1.0409525253681977
0.4608232804891941
0.38983334888644094
0.5097058549005169
0.7181033641750219
0.4430350478996843
0.3502721042343637
0.0502366574548887
0.33723524238689606
1.1290157023065603
0.16245370039609952
0.0841493663416486
0.08469427674310737
0.5089026169277986
0.07953206057345596
0.035512192042347124
0.15898669362525197
0.024388577714830717
0.8032674993651199
0.037534355608499936
0.031069249825009138
0.004134483035272751
0.004987825985494965
0.9232672487999025
0.03462089729771378
0.8861563292061874
1.0942833596243418
0.1178590612746575
0.4725916759214215
0.14604538808191592
0.6879297919423379
0.5356018418995063
0.05245502192985896
0.504195829149694
0.39424258404994816
0.05937205961015479
0.07476346104613185
0.3463171856790268
0.8973974976113368
0.21767306939614173
0.009414360757091345
0.18940530549866708
0.9987905206769483
0.2719149164358896
0.2157020779505956
0.1977799662461166
0.1383962205285343
0.37460793608522636
0.426783647135494
0.019533031079845387
1.2629230750382021
0.6291476668109226
0.28676185410347443
0.46804729878692797
0.741145558705739
0.24193308224153043
0.28432715643702977
0.311749985359711
0.1043438768130045
0.3399662390525009
0.08095027847559777
0.8624775103839966
0.5181221232545568
1.0749935776102575
0.14506893792668052
0.3095483790500566
0.13676115123269028
0.27899396720215464
0.08619543577140121
0.4144921784377402
0.7755730565944532
0.387361565670858
0.1072634913064121
0.2482718125569363
0.26823029107868024
0.07137628868588308
0.7172046076769902
2.8403477790269562
1.325063266235702
0.25594513529449614
0.5309175560487347
0.03275235375417651
0.18728433392539046
0.34469556589033346
0.4356179131382305
0.002441352837990962
1.1629109475626365
0.005449116403269727
1.0329667735193198
0.30812977378866435
0.46785810397682326
0.3355220814173663
0.15104925963657934
0.017859040372172785
0.34346745581422056
0.23912310062723918
1.5158822744132294
0.5481778366340677
0.7402725409586992
0.1892016581406324
0.5115866680572481
1.4122923380977
0.3088508171167632
0.38002209141018284
0.6462565605928603
0.07016214488544392
0.46624957127437483
1.2693017480510207
0.5622873651075224
0.361856200887928
0.8427553890281843
0.17218206764698607
0.14650257581536152
1.4863343739422135
0.21151294620210592
0.38906579282343046
0.06179567639060224
0.15274727788403197
0.12765652214443435
0.6682024385198702
0.7263366125309858
1.314217032825809
0.16868034370486384
0.4240798203926488
0.5126822552520025
0.03838546053952996
0.7845208179733163
0.7970545588738105
0.013171068803217167
0.18055437403643282
0.014351652162986284
4.485944725729496E-5
0.6879528129387609
1.5757644816873153
0.5754730128430765
0.04506935714675819
0.6464284524217874
0.47564115818329356
0.5896409680556189
0.18256609642298827
0.18092083674787318
0.1270997496047812
0.010026468926412235
2.29588978186257E-4
0.4345891503085113
1.407370450251051
1.1483688090637543
1.0910764628027891
0.8993293702781102
0.22225980074642848
1.3894005676305596
1.0724923881540462
1.3845346592220267
1.9108437329678054
1.2793756293797287
0.8323542458991824
1.3557698320475993
0.26027107606068967
0.1408071621592626
0.8789825089892247
2.5150813010311595
0.11903487551637681
0.15842017756483529
0.25189304635671306
1.5415213770954779
0.26395823373468374
0.16398515113428402
1.0371141623413678
0.21839254544727282
0.17828044810084975
0.18016025315318984
0.8381706230397867
0.19950142467121168
0.9682175710202046
0.201873489877471
0.4309396070649427
0.20561562551608858
0.17992878251595812
0.1715176460255634
0.2547587905130513
0.9827566470816009
0.6174698029116144
0.28544766747177164
0.8276890767713212
0.750125151235693
1.72168125287169
4.2375256180065435
0.19909065460274178
0.7243063820342286
0.7337187487972869
0.7064730419582474
0.444548092056948
0.2345580529407698
0.4249207646932973
0.7156213270881153
0.1483776724639938
0.8796613118229288
0.3465090678788556
1.1024940502954905
0.027676892116005547
3.611152882725605
0.42943433711832313
0.07009087157109661
1.019149069873606
0.05739133605777624
0.3817478792500424
0.8190707379114883
0.4646121761162476
0.4554623930049502
0.08541616806837737
0.05992499415367547
1.128743652979665
0.06093373874250574
0.16675449485933314
0.28234341218330883
0.19047284342923376
0.00452046549366969
0.9574010963926867
0.025125903887214918
1.2253046775625762
0.6449644832651984
0.9886917455955881
0.7977930455182332
0.06614960992430952
2.169897508980739
0.9709070640036543
0.8718252876581118
0.15898076891107848
0.08394854675862007
0.8759958063291151
0.3243123978048743
0.12631216820386726
0.12040042768205694
0.4896980129047961
0.11186379540799862
1.133929643137776
0.06350887857013277
0.34506235062247015
0.04295086008198723
0.5976811902354484
0.26563559728822383
1.6556651424801885
0.013514498478798487
0.012640804982765985
2.422940806771976
0.2729430546247613
0.21749403068270112
0.04937710422893815
0.02281481197553603
0.30700468536485914
0.9607779712093816
0.3588315907819606
0.03591174322673396
0.030462249107472417
0.18758539506688976
0.7849605227814891
1.0905619168685234
2.319641852515474
0.29362589709103304
1.0157301428783967
0.3422263689212741
0.32313907912168816
0.898813576789621
0.2916375310060175
0.21072619913741164
0.7556284316337951
0.2802215891870219
1.0366681610015576
0.26355544615580584
0.014829404031161175
0.850373446439562
2.1897365197122554
0.1053218435264398
0.004811658158700993
2.228223330350488
0.0015288826447203974
2.3156352137550584
0.3508825696912936
0.5158928026972944
0.04306531007364356
0.14196918181391993
0.28150370205355557
0.13511142733068482
0.12234884366444021
0.28501295525586556
0.05977632233521035
0.03282219220591287
0.203775480135846
0.04807630246193639
0.1337132954606659
0.0012543171962988708
0.18157918779343163
0.005237008289327605
0.051304955288173915
0.03439478382915695
0.05231141567037412
0.01925535606756057
1.6803233409743825
0.11213522184777958
0.015291405933226088
0.03790965477389818
0.014541227018526115
0.737052490431779
0.9413904230735852
0.24313818184702995
0.028375074074233453
2.219693754772834
0.029281507024506936
0.0048591246345495165
0.006499042457335236
0.14358656338572473
1.6173305590775726
0.03771235934380002
0.03568709895853317
0.0015196332925597744
0.0059581168594604605
0.001818042583749957
0.04837580502817218
0.05328998326456258
0.0036876386022868246
0.016508128264717925
0.003861341984020328
0.02177877196004374
0.0061567248346818815
0.0010044302367759883
0.020546067071336438
0.012579377723113794
0.2653732251256997
0.097586025969008
0.988963916534658
0.022537239530151965
0.012988644387064596
1.1267008277640116
0.025030906779193174
0.013044946062791496
0.9258573869288966
1.892899838412859
0.9172390002470365
2.110765711158024
0.08580100237054467
0.08695811374275308
1.8130622817291169
1.2410477543425031
0.060485386316941
0.006251176245655188
0.0039518160650686696
0.3309539849169596
0.08341387884797768
0.13101887465177242
0.24540284016927671
0.004754177675863502
0.1249466346380359
0.05992244624894738
0.08363573470273877
0.17124142342447612
0.9806225980207728
0.04759115391061641
1.3061850288971755
0.21239749949359066
0.01124637799307493
0.5531302196494607
1.6522766384745182
3.014345646119409
1.906342600276048
0.785657459897152
0.615920263205112
0.08013356856270093
0.12806213551209567
0.03614155723721524
0.6224877269927447
0.7452205473030062
0.313274596362362
1.457671042294237
0.14244206849537022
0.1165676217882492
0.3590010081929904
0.20999784874936722
1.0606188143691497
0.5276316036521393
1.0204718621762368
0.1830065850280107
0.3196957633050488
0.22041320167352296
0.1687702138435725
0.3411254512152482
0.6169704755300245
0.6629382186786188
1.1517612229777114
1.2896988839187316
0.3648149119056825
0.8366634142763587
1.3786621392055167
0.22417703719690962
0.3335015429166788
0.853661388052501
1.0533118458465651
2.1251160058465075
0.5695025163015544
1.770517538705576
0.641590397458458
0.8037013461530478
0.558142159625163
0.15063947791577448
0.3226985562724849
0.32790268665883104
0.37053711526277766
0.23143277118754213
0.47644576850734666
0.990251466175323
1.48645303605781
0.8245043318530634
0.38783339433348374
0.20683344348879018
0.6247000386292711
1.5330298358491063
0.4774061783888328
0.587139002422532
2.949834291563775
0.281678114996339
0.9402978081753872
0.15248756802384378
1.029041087482824
0.1439743060600449
0.2692067130745954
1.2415853147151665
0.8150636651882905
0.23675852781445883
0.5023628373697875
0.5129929763727432
0.5030904708261232
0.8466219955940915
2.4179619630092475
0.8342896741005461
0.5364986897973267
0.008150029307216755
0.5736239408242909
0.018640843631601456
2.250990237373344
0.018931418933789246
0.8697215899135244
0.9124601037239017
0.38627492364810223
0.12669072756318656
0.11051089206034703
0.5800361886319934
0.10167594820234171
3.6356241236360347
1.42759424574092
1.2061628501744508
1.3740417641184877
0.3241633795529424
1.134030187157805
0.24194840997938627
0.1485303250386778
0.18236589758430455
0.4012179049796032
0.7193699144374932
0.3947763896633205
0.6131986363450324
0.8386802277525476
0.0773133081117976
0.081688498907738
0.5192401483659523
0.8105432474460486
0.585913000231244
0.2644406547841527
0.9790985916350792
0.6247729777093127
0.7130512246051239
0.5397670297504646
0.1348133898962942
0.5014632890071198
0.1007990241233756
0.09517094106354307
0.03222031044253981
0.0987593772612172
0.03892873634231364
1.6345844792846265
2.5016102933871025
0.37717674696648373
0.13000613746532963
0.27469224158608085
0.12968877768309994
0.04208100301968898
4.02102916837066E-4
0.008250763534420003
3.271967248361534
0.3136226424869619
1.2384282772350161
0.010308736716297062
0.14391668862015194
0.11471187647896386
0.00542839152308261
1.1882978026278579E-4
0.42988181068596987
0.02950965668264871
0.02736196044861572
0.03011357292871253
0.028701796723680673
0.00948257875006675
0.25502583140610113
0.22540978579286275
0.5071633935423279
1.094292414884876
0.24974917078668568
0.26982170702399344
0.0036874170082228375
1.8219590412343223
0.8175041991399894
0.6716126278555521
0.269985557554719
0.2681632369968838
0.029739738467355892
0.029629073347337
0.03145323672572431
1.3162996048249624
0.32097983715755163
0.3100202909572545
1.4913655955621152
0.9500848908314765
0.025590899887902196
1.5586718173243526
0.16573322089107023
0.03296792227365586
0.357455690306665
0.06189352599687936
0.22551098198175623
0.04142113154796334
0.4946773247514784
0.001256531897752211
0.010034315215762035
0.5421047613860992
3.1248338609764232
0.09244637964411595
0.1829942321079443
0.06602686974349581
0.06470966432038949
1.919929249724305
1.2876085081693418
0.020060601149339163
0.02538784587147802
0.0067517003416242005
0.003006730248216627
0.0026690202251984374
0.13986239572875547
0.029585389210978974
1.103195905047869
0.030053563529918392
0.020263505172238183
0.37892647129558554
0.28452902047069983
0.3218802134399539
0.066724122488381
0.26555067375795716
0.5201535386996738
0.21843088932803312
0.0672912199881921
0.396785790132526
0.06320729654544266
0.0955607434882495
0.04796922457069286
0.12054803169087336
0.06976865864942283
0.1676649525928724
0.12352636716457255
0.03737843091209925
0.16234959254666137
1.765011875096775
1.3923830072982355
0.01711743860585102
1.8165166013532144
0.16251150307175521
2.1213133403704205
0.01281656229980399
1.6210953678239548
0.031003600977442147
1.6998831835629744
0.04670697970686888
0.058028852593224656
0.21007383896460396
3.8053083889809614
0.051324489249964245
1.9504573103607754
0.08982358231276066
0.08496595728604461
1.7160764870925505
0.06729084884204894
0.14234812309189238
0.12112849524783087
0.00714885457591663
8.309411862228444E-5
0.00793005374225686
0.04668201851666254
0.006281074102162165
4.3254022477867693E-4
0.03128268207922247
3.613453525209252
0.20682944965938077
0.21796430861024874
1.7891520402231436
0.12389738700369435
0.053293964500198854
1.1708723768761047
0.11403801565256799
1.3911070440030926
0.19727218310026728
0.10582109882545865
1.5396957374185831
0.03701601092313922
2.0441285212849607
0.9184394739577328
1.551461608566342
0.9689188582567567
1.69806424968408
3.433691228281191
2.006603941090134
0.3399780988532939
0.13771011241112774
0.004569440316345208
0.2907596280103917
0.013206379839516558
1.2814444993023244
0.033965570615237084
0.03449667188795047
0.03292943848316554
0.9130241915205488
0.0635134071221728
0.020136422820996813
1.3680894080104054
0.01769314833120461
0.03407292981512455
1.4691425910514226
0.028701879857294443
1.5572271554478903
0.08952880130846097
0.06312298697002916
0.006527886968797247
0.06853632926606679
0.05734905154770331
1.6957438593834695
0.016173999596048816
0.7177900585621728
1.8632078326955934
0.9690793808844091
0.021220995350063276
0.03991420865941109
0.07989490334955462
0.19207260329892506
0.21092119402214848
1.3144388777985796
0.009292200297522868
0.9594834169786282
0.1712016017049791
0.06919710842134918
0.012291902704305357
2.1837408879724762
0.28898664622875003
0.04142937974563665
0.0722533756552366
0.01963544032196296
0.015970701665992237
0.01791076642450662
0.07931833919781184
0.0037760939519557724
0.023136525527547747
0.06372677567264873
0.027842595218999122
2.478300547280469
7.448197949722726
0.291265154736152
0.020982612565489944
0.4746651827174446
0.26832007653058554
0.006935881115964548
1.7275604858996303
0.1223541509784809
0.029947040276056214
0.3354437549892282
0.2245277276745128
0.0871327461159126
0.04716518104555689
0.39329686237476835
0.01987703075178615
0.061797121508675446
0.12336982821057063
0.09819664530539285
0.05326041665568937
0.16023002251711205
0.029661360948580295
0.9863467786888123
0.031743329438995715
0.040660232552454545
1.1499413171829929
0.26135606840739456
0.0837977551568656
0.8082673182841518
0.005082864218024952
3.441250098829073
0.5308249139759482
0.056687941424911514
0.04979922858262853
0.033925030138448165
0.019374525539546994
0.1261245984458128
0.03263821819075474
0.039339110962032464
0.0099197910615203
1.8332719958601729
0.0033145279804784877
1.4592342047751572
0.9637272807624413
0.05980169901749832
0.06598378771718671
0.7416831229609215
0.31059383662920936
0.36280715744021563
1.5077230564189676
0.5171918799643436
0.09136940844837227
0.14136801699237367
0.5686813781832143
0.19647561351428067
0.04383033869476094
0.16241452312078763
0.04812060548090358
0.030656218394028656
0.17281056058914146
0.041637575767481394
0.13174318181143008
0.3110429379355537
0.08980991273699601
0.05938697296335249
0.21243028566038902
0.028201766466281697
0.04154900471576184
1.5185538312534845
0.1922936454051296
0.7117821205955579
0.015522499478379359
0.36696480980367596
0.07579325445124141
0.6581442678018448
0.06672985042769142
0.9214629507906693
0.3208181222562416
0.10230044388697479
0.1733830770131135
0.08219269571020504
0.994449944140456
0.42886225341942463
0.6743576336600654
1.6144796018965053
1.335731676063233
0.11807956981533607
0.06463214661289385
0.4345703645026333
0.33518072841081903
0.009109865119285132
0.3993020279142456
0.5749195062952595
0.1450023931878377
0.6323675756475495
0.24709109284196984
0.426796781417238
0.10640753949212467
0.5907520315706734
0.05564076499786097
0.03193460248610336
0.10122198095848489
0.10070771924654309
0.07089849204896836
0.07035958141023002
0.055894535877200724
0.2120548302152656
1.500272836720569
0.08538594689832735
0.09404609459659241
0.08333351561805102
0.15602101495710485
0.09376357840710625
0.2544898747012212
0.18734958033235216
0.10016806087128316
5.076245691952863E-4
0.005324332367308671
0.01413171974877514
6.784334406120252E-4
0.052918836935873514
0.009774874829872715
0.00895639567715989
0.06776468088594356
0.03110250503334555
0.03080193087760108
0.025317997726801877
0.12336752190867628
0.03170060889704018
0.08866500534008992
0.9029069116243136
1.0523032438003384
0.013881573156822924
1.7640492297125547
0.003946788064240536
0.003778990001819693
0.004621604971930537
0.0024963265533415324
0.037972482653231054
0.004349730990156786
0.09235455828331851
0.010340746302972548
0.012134062598420314
0.0171804371871076
0.022435765542354602
0.022597124158210136
0.05023137938314903
0.3553869130739713
0.9663507903412665
1.8844798252398505
0.04869065122943539
0.006504824297508094
0.04028830672723416
0.09108976068205266
0.2989890546667766
0.10108522663369968
0.1163261282856638
0.2870063485954688
0.4010534019706711
0.4571299458430076
1.357864771584559
1.3064052886074933
1.4189649716386157
0.21758738951655232
0.1970418728928962
1.3762205964444547
0.0862991731027023
1.7309924133414825
0.09525362085241795
0.09346742983689182
0.7987672788098052
0.08982723731958231
1.0488505478307388
0.11192297534341833
0.14593644760714142
0.5401477873045906
0.3156868882819026
1.412930552126113
0.0985101346209376
0.21608114113075771
0.05483280993701101
0.05841611709888639
0.08614365526022993
0.28538831218384075
0.06835775635875052
0.12807034194861444
0.3558361756673776
0.07113537814677784
0.24649162474645436
0.10412795145487053
1.0785279626416013
2.2521280924256644
0.17293341635206616
0.1666050013733411
0.42112865759338547
0.5220310932315897
0.07177601990736093
0.6098552223694469
0.1514205638296744
0.11572113718500532
0.11005770422548267
0.2983480490055399
0.30287673226644074
0.6324842879386097
1.227529497610476
0.0754793105478484
0.028968869972914035
0.7398151796504635
0.5074332122227361
0.15691172796744013
0.1748615188007534
0.349671291507093
0.1396811393524331
0.09572927392378006
0.17232193566678689
0.28295080896623404
0.4683174534829959
0.33383944234435603
0.5594029291913785
0.08216965407791577
0.13672626622769712
1.4568413100737416
0.13645362989427667
0.042395139771088
0.03880343551372789
0.052470811477633106
0.4364700899636773
0.07323527694825316
3.6555308091176357
0.07416453290352365
1.735977447728601
1.4021874589504932
0.5979368034145409
1.3745177543999034
0.04587646946788482
0.40656731576837046
1.0011175992444805
2.7160179044499273
1.1913594599509452
3.0663993543507786
2.136509806107597
0.15303541362118267
0.2678238765881815
0.4776218027291179
1.4741050685215669
0.02566205369657837
0.06859247349825637
0.141679669178302
0.13604786167661587
0.09332088493033552
0.2810603899031321
0.0885330786884424
2.8679634839024857
1.0102732157570244
0.2546978126913473
0.9861586840202108
0.06824918152869941
0.6025597088676022
1.7104163015324048
2.125660178345015
0.6629298877439851
0.9861636178516164
0.04787687926477702
0.9170210042850613
0.042723662002117635
0.9986471132838233
0.0091419460745783
0.44654852121743716
1.4441752155669292
2.128149713649236
0.5741384256180027
0.8317413981503705
0.07045030642734673
0.4545711853143075
0.40513974105783745
1.3736925519058332
0.37742297147929094
0.33312420450192803
1.6784584316574183
0.6010146823741707
0.5561096012588678
0.579308492722248
1.3158968408947658
1.5474341293650014
2.3355488461172627
1.5317010815040248
0.2072921941567074
0.31629620208536835
0.5144338703050835
0.9142177397288833
0.21475936386627836
0.4922781367815787
2.1027726982183594
2.4550177320795683
1.221468831817674
0.3321686128278998
0.30928492088287385
1.3468910001174663
0.33513337393037546
0.4909360913325145
2.818547235950973
0.8580951273859228
0.45082162247172164
0.4310220799829949
0.2735483477576963
0.13772810956379544
0.8024575584656759
1.3358480902927568
0.18985596961601914
2.5295453583698873
1.3397574562122827
0.19765449785518285
1.299376137665604
0.1995060755502891
0.2254660687995056
1.2583622686922808
0.23162048205017527
1.9090835582765067
1.1241112424806943
1.126170103602135
0.18186025205045553
1.3357654012320381
0.79982974409495
2.020108387099299
0.716086957346306
0.4878771833418796
4.767034627168641
0.27548307793449567
1.0579629803114585
0.4703420150283364
0.24248952871880647
0.6277698125052211
1.055647125965379
1.2903710539874282
1.172844510757841
0.6504763673478919
0.46416519247054566
2.395630239233924
0.7342006423325529
1.2158145457933642
0.9135853351544938
1.1005613797290152
1.0018326211420572
0.4747395593451529
0.23376691863995802
1.492726331597396
2.014855443100487
0.6732951071926436
1.9001573460338932
0.6957952610991924
0.3839176060234877
1.5407772626917904
0.5210865881706468
1.158867269914026
0.9118308411898397
0.18567163262559916
1.4069292361918997
0.1913204895695344
0.36524328183122634
0.8720736683887935
2.520604966926612
0.6404530253857956
1.9869517891843316
0.5491570299734576
1.1538279997046175
0.9229507129475678
0.14020837128668973
1.7293126085955919
1.8206858093221854
0.6451692225830357
0.3666462280464202
0.3365406865818841
1.2339609945454413
3.014042414398318
1.5938884927156778
1.4214331012235562
0.9372785011066753
0.38174373249535165
1.4148895074765733
1.1153604114961126
2.150894457935692
1.6972976432891755
0.7948466539685342
0.4373891294924306
0.6286397029384716
0.6078746469115686
0.7305554433412453
0.38063665926824797
0.3317380829578269
1.2177463329462626
0.1741465529191828
0.2725577919745774
1.1392942738586953
0.41082934459518583
0.4892754680520284
2.4430616365834794
0.27697681195422774
0.3877308529902166
0.22209692832871042
0.5570258596317217
0.5229014522969919
1.1162621502815
0.17894044414060772
0.1790241017356493
0.19902059277046646
1.3182738099749258
1.3419052898559585
0.4279932435615592
1.1171139210682668
0.23710339578997264
0.2192363194462814
0.27484560094330845
0.22261948242066865
2.579970660311119
0.16251896229118756
0.6783202212575361
0.15835535071778395
0.6166345545491367
0.6636894465723344
1.058807967067878
1.0807201967393212
1.171242027991184
0.09729369741990013
0.09410559779053074
0.6044529835342018
1.3560239107821417
0.3094980511389167
1.2595805185599147
0.6247088931668259
0.23685950071171646
0.44296178251079255
0.26813528794741615
0.4387553881772419
0.8416955780035096
0.2730229169053473
1.1131604828087802
0.4528199682538343
0.8669983043103002
0.8134628674836222
1.3560221174798244
0.2985242787935931
1.4078669010309568
0.779703142947028
0.2798059754411497
0.7305128621374024
0.36894742815275094
0.13604302055387052
1.536503390756252
0.6156017065682136
1.045472015092173
0.40808569106957293
0.3943968263699844
0.7773577603256854
0.18141122075689964
0.2017243264224362
0.05305239084168534
0.7401975801058143
0.19529404768218228
0.011955854980442382
0.017324192541309458
0.017575309000449124
1.0927933639220555
1.349159179276512
0.22476448461361542
1.9618965984670922
0.289115536434565
0.04351410672597922
0.2588427193152256
2.791899952624817
0.25412433695510117
0.024091442877761438
0.5330728680039556
0.24618461868135455
0.010629965615862602
0.242700394126814
6.530159075737174E-4
0.6306896526964465
0.7352536032351509
0.6729214048571066
0.8208351087341725
0.19528158643129245
0.10822862966551838
0.03515681513931668
0.28856922674526686
1.0283698888517847
1.7697138847995575
0.07232215004046338
0.04194808956935958
1.545619952183415
0.14476282836744758
0.6738069627792811
0.6576072836246567
2.890962901507237
0.9126625477631478
0.3572124431909742
0.015061678486063101
0.0047393262971127115
0.6582176806991811
0.6104057444954378
0.04728873262138222
0.3040014748005433
0.5288011304148768
0.029896531149461225
0.8606039648254864
0.02595506041734552
0.26237947139361495
0.7505143601956661
0.3662557244531399
1.4425873268673968
0.3529302720330634
0.1083306676043776
1.9163605902649579
1.057134455216783
1.0011165837850058
0.1077485612338478
0.3085949433832411
0.18762678705616054
0.5256169007363951
0.11227804560940058
0.29532833487928656
0.09601821939440924
0.10102945960807119
0.6926196074293784
0.7131927903571977
0.023388132549143847
0.24546571663449868
0.5651815428789178
0.05447768733574776
0.28519337584771165
0.0010757842394468753
0.232682061304331
1.101265705744936
0.6610965492682226
0.04148609333606146
0.09122111965052682
2.5051968456639315
0.45086551501913164
0.39445199150782173
0.7297084566735066
1.711982961831609
0.3894623632600087
0.1595391637636112
0.1411411673245766
1.9690208466774948
0.08376477803790294
0.59021228349593
0.749971622365365
0.05337688478493874
0.31726993803476944
0.4951322520944359
0.056078229235936305
0.13298412323251796
0.2636940698134822
1.1514168772084759
0.29120604043782805
1.4678217257080632
0.0032171678171835083
0.7366570828166914
0.24639714289742187
0.2810157121143675
0.5187077277325898
0.22182441890095106
0.9216717349008832
0.10351449396125645
0.6300868495729901
0.41346625162145756
0.18660249349204605
0.1693366928393516
0.7507760206653984
0.6309629956481331
0.14097290736094692
0.20765606105328516
0.1637386048994358
0.14231933352743908
0.8144324842264723
0.7052655138850241
0.34980480158242244
0.024763762100292297
0.010046034990182307
0.35023841068664296
0.9480867282895815
0.47604606963841434
0.04352605241092533
0.2440235598678555
0.16357469528338697
0.054804353581630494
0.22009398394402524
0.9085851580975941
0.6204874953998569
1.4552907776801476
0.2473410888546823
0.21609159492254548
0.16833495675746235
0.7590461742283878
0.0811644487432659
0.08105126445184396
0.17269851082596688
0.07484241881593334
0.1989520299873675
1.1244250917145564
0.10406092516677745
1.1477971499837167
0.23862203745829902
0.8058928265920713
0.19642559220847033
0.1570053500265658
0.129573442803121
0.12656386971639222
0.8151368308806468
0.727768455241403
0.8984531304163283
0.15946803420592914
0.1602125528668239
0.6862989746389303
0.21000708075371222
0.584675193644216
0.5774393328454153
0.415767294833131
0.3185085004147368
0.5385170475185532
0.20647302182783278
0.20564888517492363
0.18407506382300198
0.9490463286579143
0.57384688306729
0.19087903972035747
0.16439396422606478
0.16253988596236013
0.1672638998036291
0.16360572703024445
0.7967618858899641
1.0194858235072388
0.43924847730590955
0.41841928858798383
0.10898931220253871
0.12468362710728798
0.13016092520206257
0.14741249891699226
0.3546567368750857
0.4793993893508741
0.04295578194069094
0.19082846867377157
0.22611903200981942
0.0012495993341872236
1.46436423973023
0.5113301997400868
0.7213957135813871
0.29000798830224994
0.056291487081807645
0.04673055483453936
0.2300576424574956
0.08314798718652128
0.22824547465256728
0.09627369050144807
0.02091293919056625
0.20307521256700056
0.5292367859115075
0.5218220875597126
5.864849185854837E-4
0.011031036409349326
0.01283656525083643
1.15816620566261
0.7768435692075855
1.9718232523184724
0.6935007733975453
0.36682292731165944
0.06924219341544813
0.26425816786468204
0.9571028626812677
0.2003302981033812
0.2411972592578877
0.00945046619222012
0.007745790640456107
1.560971317085432
0.2929387803112604
0.08419397987381672
0.38794219580950084
0.528508171620615
0.13964702583348299
0.19641087482818875
0.06560397936641493
0.25145182546293654
0.014539175057507236
0.0045753124418297375
0.2880636075590246
0.011036350161930386
0.01497054564742939
0.17148327350582804
0.17949401041073543
0.012798358619193095
0.1562308608456533
0.2998505009602468
0.6976502446079849
0.060718451419916164
0.18688620292095948
0.24435510373155012
0.4677066991848733
0.006041796384351983
0.004485463028913728
0.4347420228336887
0.7853315025790835
0.08408714264191985
0.5707140439446903
0.13674843531111947
0.5287668550574836
0.08554898140255318
0.34138754021660134
0.25563087694331443
0.20983529106388232
0.33070035254127106
0.15055370082473019
0.017238314960877688
0.007310021560442692
0.30034736524521577
0.3836568498632005
0.05289887972071483
0.03399396736290328
0.2301047601024493
0.5813975753815157
0.2725166386935598
0.2041750666567168
0.08104890216623062
0.43945098192102705
0.21493322541209636
0.1258873191143266
0.6656946063965279
0.24936453685086235
0.1587055818315548
0.42478619934104245
0.5311897622295874
0.3574343244342799
0.11901157969305132
0.11015683725167946
0.5203908767928169
0.16349560453363665
0.12236461392330966
0.11712748663126149
0.0948247731257652
0.07793345285631403
0.587141237113201
0.15062581114375462
0.19205171228509244
0.008770958714194421
0.4145374272065965
0.05759175499997582
0.0655083582360021
0.013239175466651432
0.058774020208147704
0.009182595381162173
0.08492301313435746
0.2629785722729139
0.0013750474531661894
0.0017315852367119078
9.480754345077003E-4
0.009160911445405873
1.1753448643503361E-4
0.0038984254754268477
0.8862308739228411
0.03476106165112469
0.03857558865797728
0.05451038898331717
0.397535982874615
0.18667902449465146
0.09412877025351918
0.1484099104170582
0.013930562812447533
0.1952927837860443
0.5530335484424995
0.03851086679264881
0.0956013150112085
0.11560250612501477
0.5804446316387839
0.08370318772995233
0.0812280159200327
0.08022489779750686
0.6589182259460813
0.1384331924448361
0.3306676425606838
0.06983904553203502
0.5120891438589297
0.3549290096357254
0.4051224078425548
0.13340075799192164
0.12748040926953763
0.10291009903653503
0.18000852900877362
0.04778957391044969
0.5801302279576248
0.060738602874835124
0.5444974051110876
0.27757453620097294
0.29855642008942596
0.045983378057144364
0.01834527699611499
0.27891689866169145
0.5654340338464863
1.2951113815138342
0.0465349952487486
0.08256981243812334
0.038857514862684184
0.077501155066102
0.026702542842940602
0.014167930942221574
0.44473014791969945
0.04980152808411731
0.11326421849980761
0.17000978479040896
0.04230912689581601
0.181874947498045
0.06686430404556631
0.11264308944168988
0.05791571686836505
0.047231173262161974
0.1003019001532266
0.6314474700373012
0.023566953339468455
0.041249738548685855
1.4967821702136916
0.04736629277181237
0.0572524274944044
0.06245534853542267
0.002293615290454909
0.0029730090152497723
1.0052400020513232
0.13837538846973985
0.050628653192234196
0.07920574583431517
0.28474189482994916
0.6776952651143802
0.011828935005041785
0.020905308738065287
1.522604200883734
0.7488885449649842
0.14059872330904
0.0869282625710639
0.09751620531960725
0.6680936707389264
0.24935263844508881
0.11488656709025236
0.1882532281042586
0.12181702804809902
0.1942048781304493
0.06959775906398136
0.0033755665474473062
7.346252748448023E-4
0.010321870108782605
0.6724521472631295
0.05341357371776212
0.6479132046781615
0.09600731284081121
0.01371126094477404
0.1541176179678132
0.09311928316901685
0.062077821488628615
0.07032772071329418
0.0073500233133927395
0.674801046066932
0.062233002238826884
0.006825137139458093
0.006723072359818616
0.26723517889104187
0.005903897344069264
0.04093819545482802
0.03163020880674594
0.18182876968558048
0.14392306426725554
0.026531081201483175
0.07220154544961588
0.0288719584550563
0.055319571255949995
0.03045848004603613
0.025760117691106643
0.05967737438686527
0.21125052100796893
0.3084141268984695
0.23630606391952824
0.13111895947804442
0.06863655409006242
0.06708467759813175
0.15791860621720843
0.0631919035959072
0.042144357631741514
0.03440227560236053
0.11602560573010123
0.14636173368148775
0.24011926470757317
0.19172044173569702
0.20429951793289547
0.07938443142597862
0.0534580344758524
0.22708697364168984
0.08577491870937592
0.23397099281874034
0.19730191073449532
0.1891734354635446
0.01935478405403046
0.02167267224876923
0.1852897414985364
0.07762054053409884
0.24360150379789047
0.17499123904326552
0.43134650211709413
0.08993936863635099
0.1564433611529239
0.4847098261454903
0.0030029645026843355
0.31481576192732064
0.14492000693689988
0.09987652918653112
0.12461379296269115
0.14668436512897642
0.02845595689905167
0.24100330498731637
0.006534258290912476
0.15215473195235063
0.11208211265488899
0.21128294071354503
0.08932064353280111
0.12872003947973099
0.3373690817657007
0.031909061576925524
0.04263487661000909
0.20206126100788424
0.10790468416803378
0.08221457864738113
0.15976809450694418
0.3478370513207665
0.03530117876312033
0.29164362855613035
0.015516288910703224
0.032293715123614675
0.2413284455781195
0.007932527784987542
0.10617721677658665
0.3104963786854569
0.053715806777745456
0.049596471134009334
0.08117096161936388
9.48769308934061E-4
0.19539002994974908
0.064264304533026
0.5438228341095055
0.031604167361138025
0.7522781784318795
0.017653100052939408
0.030008776627028055
0.6217560289412631
0.030461009247346738
1.001982148474326
0.3266285736217469
0.2864197488120226
0.03427467822575636
0.10606796929300799
0.010087000135854396
0.01008619773438113
0.16153442195354728
0.2527284072639304
0.14136283102106972
0.20312622432516036
0.3800283276520986
0.05111084037025648
0.15794349723137202
0.05640120771840884
0.18207129243614872
0.6900567303953267
0.12089653999987604
0.11705280955243325
0.09888024063207013
0.14066905732784107
0.009156472047607167
0.0020172766683117516
0.007977244602670908
0.2830989773312922
0.0015817485439129086
0.0034710210829871357
0.5112676851802007
0.11258826367634356
0.23776809748278538
0.12522357797229233
0.22920544636258455
0.11970558863481529
0.056190866303268194
0.07043761014483607
0.048527752697737014
0.01803461727490685
0.02169355066098433
0.02790420141332106
0.5070240879997527
0.020201409406126913
0.23065476953775033
0.137167327746738
0.08736933508976108
0.38075501275557144
0.054534455117163816
0.04613359802169725
0.042403915472505105
0.1392334027882498
0.03073507721273927
0.031288301453287204
0.033826483901975735
0.07387276243116503
0.009738385166201624
0.8869061682523807
0.03208936569990328
0.46331668079346855
0.16811100855966288
1.1833852272188778
0.08296643492599287
0.1570553643373387
0.04508955611845522
0.27850401258820057
0.042943326157455886
0.07018064752446662
0.29813747940283974
0.03990610200798983
0.04730792826103425
0.19600360159483898
0.08360368455487333
0.04040168713208914
0.0433937883847193
0.6373093620245527
1.0955272226060515
0.17801718655050536
0.12034060496557686
0.1063570784294825
2.0129149869881076
0.29773703825776465
0.352772178875739
1.0698037434310663
0.5105398783473447
0.7583768039687584
1.2772422279697366
0.13001100779388253
0.5415014272505232
0.2069898148295124
0.2804316973397363
0.11532640645373249
1.0068036245352232
0.06828494354590475
0.12635634084563208
0.4072153424572207
0.07735230611183397
0.09266475523372719
0.14969467028186045
0.03555066662647732
2.6266511954950147
0.02286268744296649
0.6361165860962501
0.06451465722125249
0.6626565315582411
0.017501766494206095
0.7145624730803775
0.015109541280708072
0.01478151123205862
0.33533647746367024
0.05942454174510203
0.16569008543683594
0.38946346567036016
0.10532379460664743
0.06733743337326814
0.0696162165363603
0.06326913310681448
1.3194308246265791
0.4675650693461648
1.0361308968708727
0.5748330818698832
0.14847748608849543
0.4978832166405027
0.13848415380493861
1.168960186411823
1.0519417261623403
0.5978158744549091
0.8205617781704859
0.3687290579457567
0.7244781153217446
0.12660865010593625
0.10516913659034799
0.4803365930124528
0.116775518146369
0.22611384022684433
0.5124068815728151
1.3490008905832838
0.41039305757772127
0.17357326669616668
0.9145840427001986
0.13901150463357226
0.24819812472628655
0.16637740964779368
0.1611410085990883
0.35669883936998303
0.6572316195961321
0.6476593628090086
0.09842963661253634
0.5106758562012601
0.3524377420990277
0.24868511803560978
0.31976251000492084
0.2528961270236323
0.050335427547224754
1.402765722831873
0.290095792612874
0.7951366968579805
0.11726475110867796
0.007594808188059687
0.22862929025677659
0.051885279061480105
0.11187264759655591
0.21379744506566567
0.6170224476518342
0.07246709453556832
0.16584125286203744
0.11366498589063667
1.376018858475618
0.1343397784607987
0.89500606147908
0.11086199147121079
0.24282420853683107
1.1769709596710527
0.07531991918267522
0.1378243234707952
0.3630902106397116
0.15617875569182615
0.04819716041151878
0.06383842289051245
0.7916139849523915
0.35864252098213
0.07008919693294047
0.13329411740414798
0.285884047538957
0.35391583909949986
0.060699928304984496
0.06558039508831826
0.6292315777793647
0.6598249540613779
0.1024008734666495
0.15431295480652807
0.7645815913017486
0.4614139810621509
0.1281509944797108
0.26943380473039724
0.18667922456802444
0.29082374726954185
0.010205090120962268
0.5947556071814688
0.6397910502555533
0.4674583076050567
0.016996783917420544
0.6617655098696105
0.5982747760756411
0.010780476898844427
0.3904805335491801
0.4230415212400658
0.7760368453025421
1.3792099204517854
1.30615234206266
0.31215435958324633
0.06311918492224322
0.02190853307342877
1.8710852104643436
0.21591778962078934
0.4760426443938286
1.0644319544924201
0.6657838083228853
0.3103565937910844
0.4815778694726305
0.044711336373438826
0.5137984072148356
0.4201800096966508
2.4683823154227866
0.7532477301892868
1.1495685449547182
0.1867517087748638
1.0469114752543192
1.2013357723255922
0.47492724740254744
1.0827128595053637
0.2347688938518786
0.5521390647274984
0.04026383764471575
0.041946343491645166
0.34422114942799453
0.18203238883529593
0.04492590882455261
0.42628944479611164
0.14013226892825514
0.37834252202014795
0.49161479010876974
2.6787439072490997
0.28537101703136614
1.2772079664450757
0.32087673521004945
0.10101359748318828
0.31124244299599013
0.3078085515717248
0.6756337520214402
0.6841348941193246
1.3982138693131674
1.2210541253930387
0.6117635950672593
0.40365766566901584
0.8465691993446853
0.34732410090236954
0.21446961048468438
0.62126056588545
0.481164102696539
0.1846700871756184
0.9155610547738888
1.9148095762270714
0.46078739271570157
2.2855584358408123
0.6563798006109209
0.2028152967184269
0.07339776319190605
0.1646792294320676
0.0994470611469751
1.184115587378983
0.14581262168599096
2.253043396066232
0.046518984586555234
0.6366228179313111
0.0503510391333748
1.9172206241187268
0.5860429371643932
0.5736525182057903
1.70237155218706
0.579945761991894
1.24157840062162
1.1974934762633893
0.003444086584750039
3.936291919257201
1.2896033705192167
0.5575236107381443
0.03673177853124798
0.015273287271384106
1.0899134489061453
0.014590263855779995
0.0066597460711363965
0.004856538223293683
0.012279733685318206
1.08952231916237
0.004522200950759725
0.006801850647434549
0.6580323313453391
3.0930407866849237
2.4023296508869407
1.6427102605121036E-4
0.5982272673252282
0.008010997481960658
0.6289901250352159
5.271986164866121
1.6861744351451762
0.5722017743059951
0.573068510682333
1.2600860670711427
0.07510604494655126
0.07137904509590953
1.7488167359952058
2.372222760176328
0.04480517693968977
0.04037535349721111
0.5197463136237275
0.11944183060086289
0.15446564978719834
0.07707865219936139
0.08925819699220483
0.08838049270184456
2.7699741573696883
0.5109796580031798
0.08302433340872994
1.3536723178974626
0.6365000350349419
0.6358968025244849
0.057848780237691244
1.0892247349095214
0.5944345255095413
0.49835162045292236
0.9432897708618384
0.5130599917376912
0.5973219110301216
0.5447141733920944
0.616657140123607
0.09167124756686462
0.5746980907983925
1.3894534925630069
0.04496011217383966
1.779296586717237
0.061425020740216496
0.8846616775044822
2.234794189327431
1.5294110160366472
0.5861641650526508
1.187417448357337
0.5701780699262144
0.7463377027759179
1.956700934257242
0.27354671307421086
0.1522261431211973
1.8580566622572405
0.845330088944138
0.4116655327184162
0.3171162719897893
2.081680270073093
1.136908091024452
2.357015286947899
0.8492378803239262
1.149761010798784
0.11729345888829812
0.3786554313455781
0.34916597263759286
0.1189210989230105
1.270812311073314
0.13379366879439658
0.48000456379463685
1.2858731674507453
0.1557224650914577
1.705717898496232
0.4830912166712551
1.1893839612378088
0.49371982906609446
0.2232030708757975
1.2435613590444063
1.7302997140693606
1.3520141187784702
5.012358157497374
0.7042575302539262
0.7258043050032938
1.7256891209228797
0.6200462986760158
1.3860495450599046
0.9880416509590759
0.8394417995164076
0.42874424297360747
0.753398452363399
1.1433422270672509
0.2172055919440936
0.19185537370572092
1.414830917179188
0.2400140400031887
1.295133926233575
1.1097920289198555
0.9502362332245866
0.45103164173315236
0.8252668191105386
0.42857310889576183
3.1575832473035916
0.905577361560745
0.4305348265802422
1.7492031020497052
0.759387610940621
0.1759851704243829
0.15966234057054862
0.1424931140973058
0.5096669322188063
0.5558591518176854
0.5620330799667954
0.23043708798854823
0.7876265672507543
0.7636974258750797
0.5840192323501014
0.3802271788058533
0.12457334720966173
0.5969538386145814
0.16501519058851954
0.9673163340733026
0.033758192907953344
1.3741590684132916
0.26284850671822824
0.11016654156264849
0.17082830318076958
3.089646742583909
0.10343502908312985
0.6186482144100864
0.33285360547711207
0.11579801108337051
0.6134554330174069
1.2436091152696918
0.1434938282402527
0.143905449211843
1.265067668544134
1.205856134527039
2.2389350981625284
0.13618147711144957
1.1182574165768528
0.09311299106730075
1.3050851711620908
0.680372041546434
1.3607337811031357
0.13599669972154516
2.212152051625935
0.09927744529727534
0.6086250376702083
1.5269292005016268
0.5321542844053511
1.956153530432175
0.8977289694275896
0.43463646809959755
3.53442025039476
0.037905618775766925
0.05146127373359377
0.33374534460745053
0.0638893848704356
1.4683286478489208
0.05881336986658425
0.060753295005724794
0.044461811703286
0.04432519327497175
0.9488112046824426
1.7240178378553992
0.06679465660499773
0.05192444303429511
0.8264498718663162
0.3624370274735611
0.3742543940199994
1.0377974326581807
2.13144954957329
1.3520173916040221
0.9906147711828908
0.3373078265983622
1.7965423659986755
0.387967195641977
2.8791023293922535
1.1439045032054764
0.07018856594845602
0.5407009967900649
0.7260144508534268
0.23446025712974006
1.8008133803868986
1.5817467573040176
0.9598371861056876
0.505143510037442
1.0306513456914672
0.5006599956134323
1.6728755237838868
0.560067067973705
1.5772242123773594
0.5431995802557594
0.884830301053853
0.5179143091233982
2.598407350779098
0.17697372025395453
0.021949605819600038
0.0163274015881143
0.016422602077227566
0.005963671333574894
0.41805174962246383
5.563594339850624
0.047136399866531065
0.04265342739154221
0.7160025394432523
2.716948565531766
1.9169727650521509
2.203801428728866
0.737532191314358
1.430865584297635
1.417112166114748
6.087606064504598
0.6462061167471802
0.687865841546909
1.2011169492693625
0.19713770941211806
4.917999925108688
1.0162891051977567
2.447347162803453
1.0159566515462757
2.1994087028328977
0.482511544768613
1.1567459980260537
0.9222947530936381
1.8934421995882076
2.8245061846162116
0.49406393290314554
1.145705575170041
1.9523850199161643
1.3738491820292893
0.5428752518228066
0.43258841781039337
0.4100993454685522
0.9176211371470799
0.3531717238213332
1.7956178838314827
0.35026364932900833
2.7292802316153484
2.477416858886272
0.37890176789960606
1.6890566560066418
0.6448791518535018
0.4230750137153336
0.48273500246114054
0.40396027820838754
0.3649652932222125
0.14592728339493988
0.7099702371831427
0.3626087433272005
0.3567117887007498
0.013112112866338066
0.7517827539491009
0.6923315263156837
0.6556315358591291
1.202106225022817
0.6349758309354456
1.2691554366028868E-4
0.0033794029873206455
0.589105668146658
0.3510476583126092
0.3188884824849083
0.6899558365360008
0.014937546990040573
1.4346803104504033
2.911075213795357
0.27885763390781904
0.5097109745668149
0.5757491709352962
0.5866089048431604
0.6855052738280847
0.2831250398362499
0.29474097466754756
2.9584642818063003
0.9791421560141771
1.0046231613662258
1.122172569766235
0.8980887378604621
0.7536624031399697
1.7001120500149227
0.0649775493600373
0.545827248665546
0.8149819548336836
1.4056874114637594
1.0779022195185917
0.04742302827048661
0.4662398412197035
0.39866568002457825
0.9277191951248369
0.023657806437540785
0.9434070588315535
1.1796756756475588
1.739821748125678
1.3870648310637534
0.6399613709340883
1.3272779983144574
0.8023477658432512
0.12797290053867982
1.577772090803819
0.9261750582029435
0.5699811281010625
0.42567205055866
0.3744968782061733
1.4431097463664173
1.1821269772490268
1.1701993382989713
0.9723388757918201
0.1004210580435938
0.09653521897143946
0.9494815684729474
0.1449564138695223
0.8206803564396523
0.4095399378052207
0.46500616130401795
0.39584785067995654
2.0885749605558885
1.4552244953217723
1.5935828314263745
0.7698639918462504
1.1769294681387237
0.4228194377867567
0.0592640786649099
0.7684997993314937
1.0281171482365608
0.9389549385607552
0.2923319364049348
0.2721944881457148
0.9255067534277259
0.7171932321909935
5.446901093364431E-4
0.8550206984857596
0.007003416213819946
0.8545837100048175
0.2351593569360375
0.5183652252756019
0.5224438552654647
0.015077848363262092
1.6818622943885657
0.2387392074026593
0.2643183854847848
0.3837324706553318
1.3807643413379083
0.9688655851305157
0.4836719196462127
1.0226312465836145
0.6146577271081242
1.2002123621589362
1.0395063356509127
0.12753896510071172
0.6440550104111935
0.5735194899691578
0.505245676663435
0.49979947482120224
0.854594685074062
0.45228485549478137
2.640247163640879
0.5732832588462315
1.0999149416397813
0.6096744012979798
0.033110025567111734
0.025486877670346075
0.03454724679613719
0.0019971516987880022
1.1207217433134247